***
Matrix 'Alfa' (INT):
1983987173	1887950102	801936772	-1689525294	-1929604341
1879126543	1196058836	792430229	61633390	1503958820
-894372385	-1066375657	1358677697	-579080313	-274612898
-1144947629	81205482	1992891327	1951177104	-345597821
-2080054795	158452871	255117646	-1539174755	-907683509

Matrix 'Beta' (DOUBLE):

Matrix 'Gamma' (DOUBLE):
0.8449818305877737	0.27571686133885775	0.5697985469408161	0.9062886453589157	0.41607570020501916	0.7710965091009196	0.42793479367814424	0.723800987639182
0.704399374671695	0.48556137278350076	0.5430329192923178	0.5787315673842953	0.2999854436546958	0.20845115416329396	0.8592970227007972	0.03272632526642216
0.8968976068558361	0.5168640640054519	0.9142207622278744	0.5277970493580595	0.5497848686985576	0.43030173177060105	0.9046837883868336	0.4708735870698434
0.44299104708035875	0.0247152141587752	0.557061528575467	0.013673367486339516	0.6801842721027536	0.7329113250145993	0.14769205684470066	0.5346324377345694
0.06829231664584345	0.4694114753008274	0.6889896817299387	0.5689004777335648	0.9915990310902458	0.03523759362520096	0.12168947412805775	0.07790959870574432
0.2501783213757184	0.48173314920743526	0.3351532751966725	0.5017849403217023	0.17141164526093222	0.24240948071664103	0.9753616585258482	0.995872386060921
0.3941560204551514	0.8779407663676934	0.29416296758299376	0.6169172471680034	0.4721991643059795	0.22181392054968418	0.7435452594969265	0.9949348104559431


STEP #1
Trying to multiply with resulting to matrix 'Gamma'...
Failed ('Alfa' matrix's width should be equal to 'Beta' matrix's height)

***
Matrix 'Alfa' (DOUBLE):
0.7988313891180854	0.4403629863249826	0.9729333318595136	0.0840991832169079	0.6166845585619165	0.9702191181795328
0.026596450851587905	0.8067914909753483	0.08083629594877106	0.6830264324923228	0.47093237318820325	0.256488718758077
0.42805904975071474	0.5898820281452972	0.899354042530296	0.4175268774737724	0.7020506597442085	0.8823710330374974
0.9899740977940646	0.8171197254936133	0.6435053438692754	0.6597705374636066	0.6914337174241173	0.44702116114710333

Matrix 'Beta' (INT):
1691377943	1067733483	334404787
-1104643397	-1293757086	1337484755
-190035387	1954079200	-1748119221
-883789900	-547442150	2089321433
822968453	-1494268621	1195395541
1214574154	475532657	-809249991

Matrix 'Gamma' (LONG):
6323227800682714400	718656820826643824	-6044156578722859759	-6109662955329037818	-5265811226727578180	-7680624275215401297	179864599328613360	-1115232402157792446
3110112507791548083	-5343027398042938166	-6379647557395630386	-9188841381577397586	8276218887512609422	-9077107869713249775	7316136990689569225	-6857021482319418501
1937806588730125855	2993803734203348664	924925994988532609	1231673945809733888	5349821221525626103	-5430013231115454121	-3769382869113974371	3902154029695876918
-7499048451139895826	-2491598758334292117	8310842590200358212	5899402161490428733	-2929425827736926305	-8065937452747219501	1911530248632082340	7098789753951011797
-8346047341164446487	490488793471867219	7549313358024621679	-2186671810325562906	-1991325300678119057	-8808103702097166572	-7614571317995153319	6706852243900942584
-6060552758561939943	8201112042638306594	-2999049644270618213	-3480739607877537861	-6103049729470184047	-2510033992991544595	8205159968543494259	-5507143775569196927


STEP #2
Trying to multiply with resulting to matrix 'Gamma'...
Matrix 'Gamma' (DOUBLE):
2.2913789574390316E9	1.6782441267883804E9	-7.16949251925769E8
-7.661588069568126E8	-1.8130819274091866E9	2.729102547809627E9
1.181955813181056E9	5.932701133523467E8	3.5744245864646125E8
1.178375604839466E9	7.553371560503611E7	2.1422708295871227E9


***
Matrix 'Alfa' (DOUBLE):
0.33759145117033895	0.6484248263093658	0.9685659953857153	0.2993254266507326	0.41210850081647	0.6634280455012346	0.6719101814813357	0.4649055131529839	0.8922873208681533

Matrix 'Beta' (INT):
-1295806120	1701614988	1976291726	-1191673379
1325797052	932456107	-615948930	-655360651
2076886892	-1174431088	629147928	1874869462
-834162631	399700339	-2044268199	830927607
637214384	320712790	-1253824988	170086269
551154300	-706586465	993627205	192008817
-1930661624	-228244250	-667984973	-2117785806
627750760	751566608	917618197	924662444
1058268793	387146652	-525643385	1476198601

Matrix 'Gamma' (DOUBLE):
0.3967596578873773	0.29389792866533393	0.7836147106963369	0.6510793946238875	0.43425218190074943
0.5104251851489723	0.6577554664470696	0.6936999327731936	0.34021974168017377	0.8646659040265094
0.34172283226998845	0.0564953232328117	0.008821168767125798	0.16648102598468428	0.38167589733490814
0.23451176897615744	0.476676765913462	0.01651352554387575	0.4981520402282088	0.16579055170584855
0.4461597229308364	0.06521400151161316	0.07680055650832973	0.7234186112429609	0.7879517854619672


STEP #3
Trying to multiply with resulting to matrix 'Gamma'...
Matrix 'Gamma' (DOUBLE):
2.7512886867326756E9	3.660978837421328E8	-8.350440289549059E7	1.758991854566151E9


***
Matrix 'Alfa' (INT):
-1717453006	1625975863	-1862325016	-1852803599	-2037276415	-2125714442	-1878896201	-936291075	1103095824
-1584849037	-397628961	549894615	958245543	-1937139557	1377485424	-1570574349	497743046	1041404459
-929239166	554284929	-282941423	1394164375	-1783255226	-114004750	1953490696	-1107134164	332573271
-1259166533	1731362682	9972088	786752853	-23969960	-1292171205	-1790850839	1622276020	1776695699
-1103190508	716333747	-1912513583	-2131510011	-24269830	-1693874697	-1765397434	121713885	-896038269
932344353	-57220482	2021354207	-700857707	-551606895	-305534325	-1881083729	1585368928	78852733
-1851318218	-702260913	1347238797	420249108	1082886487	1064961766	-1546234441	-506049049	-1830952601
1133416643	1943484442	-13285500	-393754029	1232012704	-1447684215	-366918044	1368438418	37522986

Matrix 'Beta' (LONG):
7807603563923841234	8538743644514002792	4795580445085583488	-2271842953888779948	7874032317850087685
3622218219926660946	-1647183080883776656	-6855776743168189065	-2828072433293489100	6542934497268179564
-2563369340499711534	1494703287348318012	-3377375546816728361	-9201785164154437521	3916701387604580105
-5847053695698580392	1976571265568030685	-236349428585428309	-752807586506296277	-4197659929148653230
-7142258900748172508	5263898223578385024	-1687371603390944637	6926705459174311941	-4895777900897735678
337570118479263716	-7284232174495447537	-5599939224309023198	1287095260821078975	244255607780276192
63621292859021314	2823398452726098860	7694105084860282904	335097550981557011	4056677536562374979
-4456533023979816582	-786544480602851906	-8259823834954478547	1397056298261085421	-6895088307710953544
-7133687400290151723	-4956571879036871051	5496743777977606861	7138101304101811302	282412677850384757

Matrix 'Gamma' (INT):
-1824751846	1214468092	-1184511702	1063722767


STEP #4
Trying to multiply with resulting to matrix 'Gamma'...
Matrix 'Gamma' (LONG):
2911445182381389142	-7080062699019771967	-7752393325478718204	8549263663940694884	-6200727525496477481
1600508643434887199	2044877291178075590	4628965293539299453	-4961744988231432866	960198288473315878
-2759555603010460517	169106593557795728	-7382005868095074248	-8535951050107566462	-8863486917766028620
8277609164948419319	-7445821316695318367	-275159654510267434	-4872529221279881807	-1497264327735698581
3725150629339504873	-1007840252850474461	1683664848118482207	6228702347372392074	-4950773743871633928
-7391131525730286621	-5080597834339358713	-2152073180042565140	-3610280382831879847	142362769613717518
-2672174663365307025	-3145264268927965629	-6804667410824429873	-451858100393892598	-1748978735045339731
8906363746391411180	-1012468771463024396	-888039764603289951	-968873601511768038	-61129669624114321


***
Matrix 'Alfa' (LONG):
-6059207174324040543	2916720930859614939	721604653620397666	-6135972155455797098	-2606401035031362115
-6883319997256116267	7438755214260571562	-3442946999936229137	-1411248444822005923	588046481395830326
-4620713590081014636	-3285425936821985172	8365900748533449520	-7277505184504996235	-6692840619409553913
1138432044545395790	7091617452397131512	7517934315658960189	-7196093387867396546	5046225425189426505
3259836423738686217	-8937951053778858515	2581938443536787786	7337902043312001544	1230646336945696974
8054922832439051542	-9097584027783792242	-2296950909651105371	2677555499642970436	7053751348789074689
7418098830971932225	8573279823984135729	-7327425395503228035	3100205680096390695	-4027691987680874000
-9116875523047512270	-7354591263284862177	7599892974483469750	4473952177243953401	-4785600073643635681

Matrix 'Beta' (INT):
-24312544	201308638	-622563158
990273940	-1431077563	1401654750
1722533014	1742046213	-770906169
1081804437	-764520068	-1432338273
18002377	1784673055	2062078009

Matrix 'Gamma' (INT):
571681687	1238149463	2056526422	-1637907010	-1950415354
-2093390755	1371853184	1378315368	-1096703652	451652672
1874369835	1369721626	734945470	1907056173	1805264060
1135946513	-1590596833	-282256072	656040777	-1733743961
1472991956	726230107	-389878965	705300729	-375938456
251933886	-243519086	1024542665	-1878547795	1869276216
-1908862088	-214759514	-98439661	-2136879083	672664665
-583531958	-776723140	1691613209	-983708094	-384678078


STEP #5
Trying to multiply with resulting to matrix 'Gamma'...
Matrix 'Gamma' (LONG):
-6336378105476738597	-569512126855688166	2085608271704538177
-944444001988214407	-1415936343013537335	-5615761738916835728
-3422424962159081048	-6245230572476210455	-3984390728380333958
-2517957037249328571	3215801591141706636	-7092744133000502774
-1932368230760501274	7039934890580318707	5210984403295195100
-4059606476963153693	2243198688191522210	1325217464302550648
-166764996955173419	-4358890118729934600	71695795560342652
2689936881309700116	1052188220070063266	-7396287997322457314


***
Matrix 'Alfa' (DOUBLE):
0.5867151142899418	0.26057137395605134	0.2932795783724442	0.09750317581451129	0.1110094896098921	0.8514815480596457
0.7551377731518644	0.37408715911599577	0.03311803959931481	0.6931167047237897	0.9040187748704397	0.35867357507497155
0.16782333750379141	0.9568996470314449	0.13642447948565772	0.8083909620927153	0.20684674642386758	0.572858678525247
0.7960068068441207	0.3206954325899931	0.2975121285136577	0.8059855242146219	0.10511239397249561	0.3374731776318932
0.9130860822803438	0.15052249084976144	0.3778261837922148	0.3437352472550209	0.31206650745942366	0.771335728847031
0.21657077366224198	0.24250278223947563	0.5448238347149572	0.640475558765013	0.3835763843721446	0.2595509181765876

Matrix 'Beta' (LONG):
3860693632342339886	-1029925798955727913	-6493923792738400330	-7245937975874760250	2700881422352023855	2036885955947482683
-642234039215014240	-25751567470603007	7740076695246361884	807633080829250304	5553696276644133686	-737589424735548719
-1214333972427826765	5129595499416061587	4678854505664148353	4315685321253630719	1355272069376170216	8910168234453585849
-7803560899212322306	6503195365666742505	-3174232237407884192	7106761923753766410	-1871722138630768610	3561799107415890433
-6348421465378881545	6634468902680242289	-4858709748682762043	-1431758655880379315	3276419366482519098	1603408217759783854
4214764333231243980	7919224511224816870	4492471996783866094	3940089815802290388	3405209011411551104	5091433420937932409

Matrix 'Gamma' (LONG):
-1860873943724689900	-5139380760270637047	-3084466144034253507	-2733294365566387936
-8910066607596875702	6356726224707958159	-6499644061170342053	1577319684607535540
8434652799718003600	-4783910525844813220	8274298750994771184	-6306771116486019263
736681731619408524	-4685415287094128173	-4406628772190551837	6830804402426936379
-3109237958153952632	-3730167057582848868	2244069017828239105	4509907032766234779
-3425052264788190222	7632033435941412129	2958487214097712251	6283004962669258335


STEP #6
Trying to multiply with resulting to matrix 'Gamma'...
Matrix 'Gamma' (DOUBLE):
3.8648272064326001E18	9.0070672051916759E18	2.55536805259825E18	1.11375394081944832E18	6.509943272190935E18	8.4765893332276122E18
-7.0012582950225633E18	1.2728087300430508E19	-6.8345365916684933E18	1.8055534884255744E16	7.0479692303699569E18	7.3017103170709893E18
-5.3393180169615299E18	1.1668354298737627E19	5.957477599561728E18	7.85155357352098E18	7.0678301878064005E18	6.9792608041486981E18
-3.0285871851688776E18	9.309402614009588E18	-2.847991382069886E18	2.6822833003538463E18	4.319152944420286E18	8.7932354551939021E18
1.5571774548471511E18	1.1407962205596801E19	-2.13879399164443238E18	1.71153433131877888E17	6.8197939588445491E18	1.0767213689126158E19
-6.3203768528643021E18	1.133083450931316E19	2.8906823492717235E17	6.0030555369340723E18	3.6118932411124828E18	9.334495524754123E18


***
Matrix 'Alfa' (LONG):
-6318027789280212278	7315542276882030943	-9092860973181741727	-7049165411447406935	8009929760828104058	-8701975179871678874

Matrix 'Beta' (LONG):
-4672313633917368907
-8960504478342461053
3653906122954227450
4784874911590954277
-7555744626182381800
1015935558112099009

Matrix 'Gamma' (INT):
1529539415	-1851906122	1341765834	-1904756690	-1913604505	-1142515674	1776476925	2025807148
-1507639987	874425575	-1187921042	137369037	-1440347004	-268410268	-1840949338	-626127936
-1721767632	1967993169	-1352837158	142753602	-221835970	-893648387	-1208464968	-1863017333
-1062043191	-1551728406	2092530530	1517122699	394017727	-1891194722	1250241210	191450326
-820650300	129930427	1033985248	382024411	-2056500651	991031885	1569597944	-1147584932
-1231792848	-9330333	-600800976	-2110173414	-1568843021	-695247904	-1290360576	-196275761
1686929411	-941066862	676200372	679045216	-900870225	-327939709	1706410023	-367636142
966170772	779495567	707972816	773769853	373730114	842980662	-538651902	2133830400
982277919	-508225357	-1111678865	-1639602059	74023307	1241177421	-2116274963	-1002833052


STEP #7
Trying to multiply with resulting to matrix 'Gamma'...
Matrix 'Gamma' (LONG):
3403864827184031724


***
Matrix 'Alfa' (INT):
31833597	-1589805823	-2007717213	-248052007
-86832126	-1255008349	-1596100160	764232479
417070726	736602440	-472144384	1581617872

Matrix 'Beta' (DOUBLE):
0.40789285441589274	0.44205697792698173	0.7151907971727395	0.4710124752256817	0.7285991631716614	0.8171668553208657	0.30979494679691855	0.624571506859946	0.4501350268908382
0.47206413224620014	0.4997137299984288	0.7469219472014448	0.18556380984291587	0.5550570475444662	0.7333907119738482	0.5156840018977485	0.8268040043051754	0.9550656397621043
0.3283981728821985	0.39723202646763056	0.1531180886320328	0.36216596220857444	0.7591315999625863	0.7896767604219392	0.8160559087663076	0.5789857538946793	0.4641010135453607
0.8919951158092412	0.5078896435492473	0.8374991322287582	0.040891945612732794	0.7125460534353474	0.5942107352028171	0.10721218341056227	0.4986264322286401	0.31478176679565006

Matrix 'Gamma' (LONG):
-4647352487206453878	-2960055920545043165	-7396023863032714345	-3314783704361085848	-925214908187200468	-1865219381141340946	8981998324438850788	1444878208651711067
7106208115820566019	5919093046228172040	-1021815699723151722	8850883742674900159	4315358780750075609	-5973555947198121018	-2224407764482585384	-3224132186527193572
-4603144829599871144	2154769170383622402	8879493992267514614	-1091316907114762564	-2020763805832284783	-7563251024494966120	9169273198871301093	8552857185456171311
-8907307293768178313	-1626047322126964502	3209517307530255032	1826822915650922184	-7846001867165779611	-5290822091824649379	3001150328429896492	3793111092408034333
3802705056919941780	-3587527315713594150	8466599539643107869	7859229582073687434	755430952806756774	-773611733649076146	7704022871439484431	6504798298902107055
-4065577924059496674	7836450576362569002	-437550722997383258	-1954881430440890386	-4358837964235791387	-3393773846057456669	9042069050036453934	1693275721081960686


STEP #8
Trying to multiply with resulting to matrix 'Gamma'...
Matrix 'Gamma' (DOUBLE):
-1.6180974526518154E9	-1.7038881566090252E9	-1.6798549281503437E9	-1.017286569576261E9	-2.5601090529601183E9	-2.872778254129307E9	-2.47497923362633E9	-2.5807004143107157E9	-2.5139053408858204E9
-4.7032736863175786E8	-9.114059901185367E8	-6.038425849842432E8	-8.205853424823837E8	-1.4269662745223892E9	-1.7976558623957562E9	-1.8946598155258317E9	-1.634931540201299E9	-1.7378867851101387E9
1.773587824428897E9	1.168195844335284E9	2.1007794234845552E9	2.2681307697263542E8	1.48128960860459E9	1.4480066324475873E9	2.93332988462827E8	1.3847879433249893E9	1.169983604061905E9


***
Matrix 'Alfa' (LONG):
-6284570541591103826	7292519198607745757	-1876872478087571610	5067529804436415808	-679533111274335293
-8724104345568279007	-3077160418436853729	-7770629838589921670	-2607633768326811241	-8150749967050470029
-4380618102699311122	810217376919983843	3486945752072946096	-6148056994261088746	7843026648231081626
-724409161389518640	-4893912417761209287	-789053570936490350	-5456183956867290928	3781118506522458139
552107437468895358	3382837472208732977	-6626271662917801824	164859304329893536	662573629545909620
5919092185951543939	4405755369755422206	-4779111250145941311	1293423622951875118	2514917124540064218
3649603614504333122	8398512310061574627	545586231558047337	6584331056193665487	5553840029620767144

Matrix 'Beta' (INT):
14258772	-2057027344	-1845789426	-269959347	-746866371	1733744962	-1152571035	-1264420423	-1770493628
-802954655	976787858	1602092208	758964327	151769766	-1318739194	1848292887	1457491034	716779136
-2129278096	-1612916562	-595941462	1479788747	-1846401914	-753531259	61932837	139932776	318021636
1865002670	-500585095	742800137	-121364491	1270682163	477442843	-1902219956	76203824	-670161846

Matrix 'Gamma' (INT):
317948303	965995885	1495706217	1518236196	266960731	-1490782554	448496658	1939202371
627126508	-743682131	1978516914	1778957334	-258873255	-1725189661	-570788064	577616777


STEP #9
Trying to multiply with resulting to matrix 'Gamma'...
Failed ('Alfa' matrix's width should be equal to 'Beta' matrix's height)

***
Matrix 'Alfa' (LONG):
833338499667030579	6417731098533629952	-1321407881345344520
1946375156309068322	-7573837715497065521	435050098282482679
7646282521523962239	-6328844187831339413	-4243654412695323070

Matrix 'Beta' (DOUBLE):
0.2652486364618549	0.613088274891934	0.5583861243534396	0.46403521004909365	0.7051219444674516
0.6161430732619156	0.789756832996145	0.9971578461758368	0.6708618546839935	0.14032201607464811
0.6856267054024048	0.23170905962238963	0.4896433316372856	0.9362184504995966	0.6208071007947517

Matrix 'Gamma' (LONG):
-6973885270450826089	5730092597011519880	-5381369840201901692	-5451853911826677461	-5679124862523842261	3124303605492122654
2202050020490345868	517891879082428365	2189232739448369114	-5723762995980846763	-8677403324755254709	-1816149925847609989
3070601858825808686	9033361181015657439	-8347779342121259711	-6671292770761598608	2391833851369548100	-6728926840189438430
7559362424138241225	2455725034301432286	-4327094673573688754	8634445501541031098	6406015003407885965	6023507426346382954
-3486772070339008751	-481312025180249867	-860254561747280372	-8905873522813535573	798701540306980711	-647591915616861355
-7342021398521836773	-7005585463445032786	-4225088854042945345	1317399446552499730	565267634229741665	8426526247602017141
-7197902230918021992	705414680034377622	5687882091797135833	7869942080283591027	-2082171360135067895	1895521574418992383
-8461053854586041516	8522001517317895953	804348535539176764	5467506320094155936	-3048903940153915660	-149162264041400019


STEP #10
Trying to multiply with resulting to matrix 'Gamma'...
Matrix 'Gamma' (DOUBLE):
3.269289930987348E18	5.2731748729965384E18	6.2177970171793633E18	3.4549829542093082E18	6.67814833870672E17
-3.8520123245887473E18	-4.6873852517820129E18	-6.2524634440489697E18	-3.7705102834980029E18	5.7973784743425485E17
-4.7808702890925404E18	-1.29369495517830195E18	-4.1191556611645573E18	-4.6706233925938514E18	1.86899463094541414E18


Process finished with exit code 0
